PersOrgNr


            1000   1106
            1001   1100
            1002   1101
            1003   1102
            1004   1103
            1005   1104
            1006   1105

            1070
                   1170
            1071
                   1172
            1072
                   1173
            1073
                   1174
                   1175
            1501
                   1176
            1583   1177
            1584
                   1550
            1582
                   1551
            1581
            1585

             80


             84
                                            PersOrgNr


                                                        1411
                   1200    1201
                                                        1414
                   1202    1203
                                  1415   1416
                   1250    1251

                   1252    1253                         1510

                   1400    1401
                                                        93
                   1301    1300
                                                        86
                           1305
                                                        95

                          1570                          96
                                                        97
                          1571
                                                        98
                          1310
                          1311    92




                          8060                      8061
8057     8058   8059


                                                    8062



8052                              8051
  M




       8090
            PersOrgNr

                  7011        7012




DatFramst



 7104                    80
 7114                    93



 7131                    84

                         86

 7132                    95
 7133
                         96

                         97
 7153                    98

 7154

 7155                    1582

 7156




             90
7011   7012    PersOrgnr   DatFramst



        7201                      7301
                                  7302
        7202
        7214
                                  7321
        7215
                                  7322
        7216
                                  7323
        7217
                                  7331
        7230
        7231                      7332
        7233                      7333
        7232
        7234                      7350
        7235                      7351
                                  7352
        7241                      7353

        7242                      7354

        7243                      7360

        7244                      7361
                                  7362
        7245
                                  7363
        7246
                                  7364
        7251
        7252                      7365

        7261                      7366
                                  7367
        7262
                                  7369
        7263
                                  7368
        7270
                                  7370
        7271
        7281
7011   7012     PersOrgnr   DatFramst



         7410                      7417
         7411                      7521
         7510                      7522
         7412                      7524
         7413                      7419
         7511
                                   7420
         7512
                                   7525
         7513
                                   7421
         7514
                                   7526
         7515
                                   7422
                                   7527
         7516
                                   7528
         7517
         7414                      7450

         7518                      7550
         7415
         7519
         7423
         7530
         7416
         7520
7011   7012      PersOrgnr   DatFramst


          7650                    7661

          7750                    7760

          7651                    7761

          7652
          7653                    7662

          7751                    7663
          7764                    7762
          7752
                                  7763
          7753
                                  7671
          7754
                                  7672

          7654                    7670
          7668                    7770
          7655
          7673
                                     8020
          7665
          7755                       8021
          7656
                                  8023
          7756
                                  8026
          7657
          7658                    8022

          7757                    8028

          7758
          7659
                   8040       8041
          7660
          7759     8044       8045
          7666
          7765
                     PersOrgnr   DatFramst


                                 7011          7012




8822   8827          8831
8828   8820          8829
8832   8833          8830
8823   8821          8619
                     8620



                                        8614     8615



              8640                      8713
              8641                      8714
              8642                      8715
              8643                      8716
              8629                      8717
              8644                      8718
                     PersOrgnr    DatFramst

                                 7011         7012




8806   8809          8805
8807   8810          8800
8808   8811          8803
8804   8801          8839
                     8840




              8850                       8855
              8857                       8856
              8858
              8851
              8852
              8853
              8854
7011   7012      PersOrgnr   DatFramst




          8720                       8735

          8721
          8722                       8736

          8723                       8737

          8724
          8725                       8738
                                     8739



          8726                       8740
          8727                       8741
          8728                       8742
          8729                       8743
          8730                       8744
7011   7012     PersOrgnr      DatFramst




         8650
                            8671
         8651
                            8672
         8652
         8653
                            8673

         8654               8674


         8750               8770

         8751               8771
         8752               8772
         8753               8773
         8754               8774


         8655               8675

         8755               8775

         8656               8676

         8756               8776

         8657               8677

         8757               8777

         8758               8778


         8659               8679

         8760               8780

         8660               8680

         8761               8781

         8762
                            8685
         8663               8785
         8763
       7011   7012   PersOrgnr   DatFramst



                     8686
                     8786
                     8787
                     8687
                     8788


                     8688
                     8693

                     8696
                     8689
                     8690
                     8789
                     8790
                     8691
                     8695
                     8795


                     8030

                     8031

                     8033

                     8034



8040          8041

8044          8045
7011   7012     PersOrgnr   DatFramst


         8602
         8703
         8600
         8601

         8700
         8701
         8702
         8704
         8603
         8705

         8607

         8611

         8604

         8605

         8706
         8707
         8610
         8710
7011   7012     PersOrgnr   DatFramst




                                        7310
         7201
                                        7311
         7202                           7312
         7214                           7313
         7215                           7314
         7216
                                        7322
         7217
                                        7323
         7236


                                        7331
         7232
                                        7332
         7234                           7333
         7237




         7247                           7353
         7245                           7355
         7246                           7362
         7253                           7363
         7264                           7365
         7263                           7368
         7272                           7371
         7281                           7370
7011   7012     PersOrgnr   DatFramst



         7410
         7411
         7510
         7412
         7413
         7511

         7512
         7513
         7514
         7515
         7535
         7414
         7518
         7415

         7519
         7416
         7520
         7417

         7521

         7522
         7427
         7537


         7450
         7550
7011   7012      PersOrgnr   DatFramst



          7650
                                    7767
          7750
                                    7669
          7652
                                    7768

          7653                      7643

          7761
                                    7670
                                    7770
          7764
          7752

          7754                      8020


                                    8021
          7662



          7668
                                    90
          7665

          7766
                    8040          8041
          7741
          7642      8044          8045

          7641
          7742
          7666
          7765
       7011     7012    PersOrgnr          DatFramst




8100     8101    8102    8103       8104         8105
8100     8101    8102    8103       8104         8105
8100     8101    8102    8103       8104         8105

8100     8101    8102    8103       8104         8105
8100     8101    8102    8103       8104         8105
8100     8101    8102    8103       8104         8105

8100     8101    8102    8103       8104         8105
8100     8101    8102    8103       8104         8105

8100     8101    8102    8103       8104         8105
8100     8101    8102    8103       8104         8105
8100     8101    8102    8103       8104         8105

8100     8101    8102    8103       8104         8105
8100     8101    8102    8103       8104         8105

8100     8101    8102    8103       8104         8105
8100     8101    8102    8103       8104         8105

8100     8101    8102    8103       8104         8105
8100     8101    8102    8103       8104         8105
8100     8101    8102    8103       8104         8105

8100     8101    8102    8103       8104         8105
8100     8101    8102    8103       8104         8105
8100     8101    8102    8103       8104         8105

8100     8101    8102    8103       8104         8105
8100     8101    8102    8103       8104         8105

8100     8101    8102    8103       8104         8105
                               7011      7012

                   DatFramst

                                      PersOrgnr

  7020

7021     7024             7023        7025




            7200                             7300
            7210
            7211                             7320
            7212
            7213                             7330



            7240                             7380
            7250                             7381
            7260                             7382
            7280                             7383


            7400                             7504
            7401                             7505
            7402
            7403
                                             7440

            7500
            7501       8046             8047
            7502
            7503
       PersOrgnr


7600           7708
7601           7607
7700           7608
7602
7701           7709


7702           7710
7603           7609
7614           7711
7703           7712

               7610
7704
               7713
7604
7705
               7714
7706
               7611
7605
               7612

7606           7613

7707           7630
               7730



8000           8008

8002           8009

8003           8010

8004           8011
               8012
8006
8007
                             7011          7012

                 Datframst            7014

                                     PersOrgnr

7020

          7024                      7025




       7200                                  7300
       7210
       7211                                  7320
       7212
       7213                                  7330


       7240                                  7380
       7250                                  7381
       7260                                  7382
       7280                                  7383


       7400                                  7504
       7401                                  7505
       7402
       7403


       7500                                  7440
       7501
       7502
       7503
       PersOrgnr


7600
7601
7700
7602
7701


7702
7603
7605


7704
7604
7680
7780
                          7011               7012

              Datframst                      7021


                                 PersOrgnr

                                   7030
7050



       6500                             6510

       6600
       6501                             6610

       6502
                                        6611
       6503
                                        6513
       6601
                                        6612
       6504
                                        6613
       6602                             6514
       6505                             6614
       6603
       6604
       6506                             6615

                                        6516

                                        6520
       6605
                                        6620
       6606
                                        6521
       6609                             6522

                                        6621
       6509
         PersOrgnr



6530             6650
6630
                 6550

6631

6632             6551
6531
6532             6552
6533
                 6553
6534
       6654
6633

6535             6660
                 6560
6536
                 6561
6634
6635             6562

6537   6661




6540


6640
6641

6642
6541

6542

6543
       PersOrgnr



               6590
6570           6591
6670           6691
6571           6599
6572

6671

6672           8081
6673
6573
6674
6574
6675
6575
6676
6576
6577

6677


6580

6680
                    7011      7012

        DatFramst



                       PersOrgnr

                       7030

7015   7016




7800                          7806
7900
                              7807
7802
                              7808
7902                          7907

7803                          7908

7903                          7809

7810                          7909
7911
7904
7804
7905
                              8080
7805
7830
7930
                              7011           7012

                  DatFramst            7014


                                     PersOrgnr

               7040




8500 8501       8502                  8503




8512 8513       8514     8515        8516        8517




8532 8533       8534      8535       8536        8537




8544    8545                         8546     8547




8557 8558                            8559        8560




 8570                                 8571    8572
                          7011         7012

              DatFramst


                                 PersOrgnr

                                    8580

8585   8581


                                    8346
                                    8345
                                    8344
                                    8343
                                    8342
                                    8341
                                    8340
                                    8582
                                    8583
                                    8584
                                  7011       7012

                     DatFramst           7014



                                         PersOrgnr




  8440




  8450   8451        8452
  8453   8454        8455
                     8456



  8400   8401         8403       8404
  8405   8406         8408       8409
  8410   8411         8413       8414




8460     8461 8462




8480     8481 8482




8465     8466 8463               8464
7011         7012




       PersOrgnr




8200
8201


8325
8202
8203
8204
8205



8206
8207


8208



8209
8210

8211
8212
8213
8214
                     PersOrgnr




              8215


              8216

              8217


              8218

              8219
              8220




8221   8222
8223   8224
8225   8226
8227   8228
8229   8230
8287   8288
8289   8290
8291   8292
8293   8294
8295   8296
8297   8298
8303   8304
8305   8306
8307   8308
                     PersOrgnr




              8231

              8232
              8233
              8234
              8235
              8236

              8237
              8238

              8239
              8240

              8241




8326   8327
              8242
              8243
              8244


              8245


              8246



              8328
                                   PersOrgnr




8247   8248          8263          8264
8249   8250          8265          8266
8251   8252          8267          8268
8253   8254          8269          8270
8255   8256          8271          8272
8257   8258          8273          8274
8259   8260          8275          8276
8261   8262          8277          8278
8313   8314          8319          8320
8315   8316          8321          8322
8317   8318          8323          8324




                            8279
                            8280
                            8329
                            8281




              8282
              8283
              8284
              8285
              8286
       DatFramst




       PersOrgNr


2101
2102
2103
2104


2111
2112
2113
2114
2115

2116
2117
2118
2119
              Datframst

                  7014




                PersOrgNr



7020


       2201
       2202
       2203
       2204
       2205


       2211

                   2226      2228
       2212
                2225      2227      2229
       2213

       2230
       2231
       2232
       2233
       2234
       2235
       2236
       Orgnr




2435
2436
2437
2438


2439
2440
2441
2442


2443
2444
2445
2446


2447
2448
2449
2450


2451
2452
2453
2454
                      Datframst




                       PersOrgnr




3800
3925          8911


3840          3841     3842
              3843     3846

              3844
              3847


3850                  3851
3852          3853    3854
              3857     3856


       3862                  3863
       3864
       3858




               3696
                                   PersOrgnr


                            3911


                            3905
                            3912
                            3910




       3915
       3914                 3926
                            3916
                            3917
                            3918




       3930
       3929                         3927
                                    3931

       3932   3933                  3934
       3935   3936                  3937

       3938   3939                  3940
       3941   3942                  3943




3944
                     3946

3945
                                  Datframst

                                        7014


                                       PersOrgnr




  3100   3101    3102   3103    3104       3105
  3110   3111    3112   3113    3114       3115
  3120   3121    3122   3123    3124       3125
  3130   3131    3132   3133    3134       3135
  3140   3141    3142   3143    3144       3145
  3150   3151    3152   3153    3154       3155
  3160   3161    3162   3163    3164       3165
  3170   3171    3172   3173    3174       3175
  3180   3181    3182   3183    3184       3185

                3300    3301   3304         3305




3302                           3303
                                      PersOrgnr




3310   3311    3312    3313    3314        3315
3320   3321    3322    3323    3324        3325
3330   3331    3332    3333    3334        3335
3340   3341    3342    3343    3344        3345
3350   3351    3352    3353    3354        3355
3360   3361    3362    3363    3364        3365
3370   3371    3372    3373    3374        3375

                3400    3401    3403        3404




3410   3411    3412    3413    3414        3415
3420   3421    3422    3423    3424        3425
3430   3431    3432    3433    3434        3435
3440   3441    3442    3443    3444        3445
3450   3451    3452    3453    3454        3455
3460   3461    3462    3463    3464        3465
3470   3471    3472    3473    3474        3475

              3500     3501    3503        3504
                                           Datframst

                                              7014


                                            PersOrgnr




       3600
       3602                    3601
              3607    3619
                                    3609         3610
                                                 3618

               3614
3613                                             3626
3611
                             3620
                             3621
                             3622
                             3623
                             3624
                             3625
                             3627
                             3628
                             3629
                             3630
                             3637
                             3681                       3801
                             3695
                                               PersOrgnr




                                       3603           3604

                      3616
3615
3617
3648


                                     3633            3639



       3640                  3641             3642
                             3643                3646
                             3644
                             3647



        3650                                   3651

        3652                  3653             3654
                              3657             3656



               3662                              3663
               3664
               3658



                                3696
                                            Datframst

                                               7014


                                             PersOrgnr


       3700
       3736                                      3713
              3702                               3701
                3707   3619
                                     3709        3710
                                                 3718


                3714                              3729
3715
3711
                              3720
                              3721
                              3722
                              3723
                              3724
                              3725
                              3726

                              3727
                              3728
                              3730
                              3731
                              3732
                              3733
                              3637
                                                         3801
                              3681
                              3740
                                            PersOrgnr




                                     3703           3704

                     3717
3716
3719
3737


                                   3633            3639


       3640                 3641            3642
                            3643            3646
                            3644
                            3647



       3650                                 3651
       3652                 3653            3654
                            3657            3656


              3662                          3663

              3664
              3658




                             3696
                          Datframst

                             7014



                          PersOrgnr


         4100   4105
                           4101
4102                       4104


                   4110
                   4111
                   4112
                   4113
                   4114
                   4115
                   4116


                   4117
       4118        4119
                   4120
                   4121

                   4122
                   4123
                   4124
                             Datframst

                                7014


                             PersOrgnr


       4000
       4006          4001
       4002          4005
4003


                      4010
                      4011
                      4012
                      4013
                      4014
                      4015
                      4016
                      4017
                      4018

              4019    4020
                      4021
                      4022

                      4023
                      4024
                      4025
                                7014


                               PersOrgnr


       4205             4206           4207
       3702   3701      3713
                                       4208

                                       3729
3715
                 3714   3720
                        3721
                        3722
                        4209
                        3725
                        3726
                        3727
                        3728
                        3730
                        3731

                        4215
                        4216
                        4217
                        4218

                        4225
                        4226               3801

                        4227
                                            PersOrgnr


                                     3703            3704


3716
3719
                     3717

                                    3633            3639



       3640                  3641              3642
                             3643              3646
                             3644
                             3647


       3650                                 3651

       3652                   3653                 3654
                              3657                 3656


              3662                          3663
              3664
              3658




                             3696



                            4235                   4237
                            4236
                          Datframst


              PersOrgNr         4531

              4530              4532
7050                         7014




       4511
       4501
       4502
       4720
       4503


       4504
       4721

       4505

       4722

       4723
       4724


       4506
       4725
       4507


       4508
       4509
       4515
       PersOrgNr


4520
4521
4522
4523
4730
4524


4525
4731
4526
4732
4733
4734



4527
4735
4528


4529
4540
4541
                            PersOrgNr



       4543   4544
                     4545
                     4740
                     4546
                     4741
                     4742


                     4547
                     4743

                     4744
                     4745
                     4548


                     4549
                     4746
                     4550



                     4551
                     4552
                     4553


4555




4556
4557
                 PersOrgNr




          4560


          4561
          4562
          4563




4564   4565      4566



          4570
          4571
          4572
          4573
          4576


          4577

          4578

          4579
          4580


          4583
          4584
              Datframst


               PersOrgnr

               4530
7050
                 7014



       4800
       4801
       4805
       4900
       4810


       4820
       4901

       4825

       4905

       4906
       4910


       4830
       4911
       4831


       4832
       4833
       4834
                     PersOrgnr




4836   4837
              4840
              4915
              4845
              4920



              4850
              4921

              4922
              4923

              4855



              4856
              4924
              4857




              4858
              4859
              4870
               7014

               PersOrgNr

               4530




        5910
        5911
        5912
5913
 5915




        5920
5921



        5930



        5940




        5950
                                               7014


                                            PersOrgnr

                                                4530

7050

                                   5105
                                   5103




       5125   5126   5127   5128                5129
       5135   5136   5137   5138                5139
       5145   5146   5147   5148                5149

                                     5150       5152
                                     5121       5123




       5165   5166   5167   5168                5169
       5175   5176   5177   5178                5179
       5185   5186   5187   5188                5189

                                    5190       5124
                                    5122
                            Datframst

                               7014



                              PersOrgnr




5400   5401


                                 5610
                                 5402
                                 5611
                                 5403
                                 5612
                                 5406


                                 5613
                                 5614
                                 5615
                                 5616
                                 5617
                                 5618


                                 5407




5410          5411   5412
                                                          PersOrgnr




5420                   5421                    5422              5423




       5430                                        5431



5440            5441          5442             5443              5444




5500     5501
                                     5502

                                     5503
                                     5504                         5505
                                     5506                         5507
                                     5508
                                                                  5509




5600 5601                     5602          5603      5604         5605
                                                          5606

                                                                    5608
                              DatFramst

                               7014


                               PersOrgnr




5702   5703    5704   5705   5706     5707




5712   5713    5714   5715   5716     5717




5722   5723    5724   5725   5726     5727



5732    5733   5734   5735   5736     5737




5742    5743   5744   5745   5746     5747




5752    5753   5754   5755    5756     5757
                             5760     5770
                               Datframst

                                     7014


                                PersOrgnr




5801   5802   5803    5804   5805      5806
                              5810


                              5811
                              5812

                                        5820

                                        5840




5851   5852    5853   5854   5855       5856
                             5860
                                        5870
